0	1115
1	339
2	415
3	1984
4	1207
5	465
6	95
7	413
8	1468
9	54
10	620
11	339
12	339
13	1468
14	744
15	413
16	192
17	763
18	330
19	99
20	1242
21	1115
22	1047
23	183
24	207
25	415
26	465
27	498
28	1672
29	1528
30	1316
31	1316
32	330
33	1596
34	655
35	1063
36	1488
37	2009
38	112
39	620
40	54
41	594
42	1188
43	1394
44	690
45	1316
46	209
47	1770
48	534
49	2062
50	1672
51	1085
52	134
53	1602
54	1837
55	54
56	1984
57	1940
58	1961
59	752
60	1171
61	763
62	384
63	1260
64	105
65	742
66	2074
67	318
68	1940
69	752
70	752
71	1664
72	264
73	788
74	1815
75	1570
76	1047
77	1775
78	1504
79	931
80	1560
81	1085
82	849
83	1938
84	1984
85	1984
86	1080
87	384
88	1387
89	262
90	1551
91	1847
92	549
93	969
94	1948
95	1316
96	1316
97	1840
98	183
99	494
100	1406
101	1504
102	1984
103	503
104	106
105	1986
106	1602
107	1434
108	1602
109	1948
110	1147
111	1026
112	1581
113	410
114	870
115	1406
116	397
117	1067
118	38
119	374
120	1588
121	594
122	1085
123	777
124	861
125	746
126	503
127	1820
128	502
129	1316
130	763
131	134
132	305
133	1504
134	1302
135	1915
136	99
137	594
138	465
139	850
140	854
141	384
142	1468
143	1140
144	2046
145	315
146	1299
147	153
148	1067
149	1469
150	2004
151	1707
152	1147
153	1631
154	1234
155	887
156	339
157	503
158	512
159	882
160	1741
161	1184
162	1316
163	549
164	1927
165	136
166	209
167	1188
168	1588
169	461
170	106
171	1240
172	605
173	339
174	1028
175	54
176	2062
177	1041
178	1631
179	1212
180	2066
181	726
182	1161
183	1413
184	1085
185	1942
186	1847
187	3
188	2046
189	1829
190	512
191	2009
192	746
193	2
194	1366
195	1734
196	1602
197	832
198	150
199	1596
200	1990
201	1990
202	1940
203	150
204	1990
205	223
206	79
207	1942
208	469
209	870
210	1761
211	1191
212	319
213	1157
214	106
215	382
216	975
217	1085
218	742
219	1171
220	1961
221	789
222	1972
223	1220
224	1739
225	605
226	106
227	1220
228	1857
229	1986
230	1461
231	1242
232	377
233	709
234	1137
235	854
236	99
237	746
238	99
239	1889
240	1316
241	719
242	287
243	99
244	209
245	1063
246	1406
247	1115
248	709
249	99
250	1115
251	1781
252	1385
253	1523
254	989
255	1716
256	69
257	1714
258	1101
259	1551
260	1168
261	921
262	539
263	428
264	1915
265	1171
266	1161
267	1212
268	172
269	1468
270	321
271	1672
272	1516
273	1230
274	640
275	1997
276	1413
277	1673
278	512
279	929
280	1329
281	318
282	1171
283	911
284	1317
285	1701
286	99
287	1892
288	48
289	1419
290	575
291	929
292	1026
293	1242
294	1207
295	1242
296	1242
297	1103
298	1101
299	1265
300	1067
301	437
302	903
303	9
304	1504
305	1530
306	763
307	655
308	1781
309	1672
310	134
311	747
312	1028
313	782
314	2009
315	1171
316	782
317	1387
318	2066
319	1041
320	69
321	806
322	54
323	587
324	1543
325	209
326	746
327	134
328	1212
329	1857
330	315
331	1927
332	1781
333	1028
334	1543
335	1575
336	263
337	143
338	1413
339	624
340	1651
341	1857
342	134
343	1147
344	512
345	1847
346	1884
347	1648
348	1320
349	1378
350	1320
351	1672
352	90
353	1781
354	90
355	801
356	1819
357	183
358	2066
359	192
360	2062
361	238
362	1341
363	230
364	668
365	1834
366	821
367	1004
368	76
369	1220
370	1712
371	377
372	22
373	382
374	742
375	690
376	1387
377	975
378	105
379	1395
380	1569
381	1651
382	72
383	1406
384	1184
385	850
386	163
387	1094
388	1302
389	76
390	1775
391	587
392	76
393	90
394	1536
395	2032
396	1942
397	311
398	415
399	587
400	1101
401	1282
402	2069
403	1216
404	468
405	446
406	106
407	1238
408	1140
409	1260
410	1692
411	2024
412	377
413	1151
414	221
415	1505
416	1648
417	777
418	1673
419	287
420	1063
421	1512
422	1097
423	563
424	1406
425	474
426	1820
427	849
428	1191
429	384
430	1223
431	1383
432	192
433	1140
434	827
435	1147
436	1299
437	1073
438	1589
439	428
440	1884
441	1413
442	801
443	382
444	652
445	1672
446	1067
447	587
448	232
449	882
450	679
451	1509
452	467
453	199
454	1085
455	209
456	503
457	1761
458	54
459	361
460	1316
461	1028
462	76
463	311
464	138
465	587
466	209
467	1621
468	1063
469	89
470	575
471	1707
472	580
473	209
474	764
475	1174
476	1041
477	832
478	1628
479	1763
480	2045
481	732
482	1834
483	1375
484	1250
485	1629
486	1884
487	802
488	1104
489	903
490	1588
491	1809
492	1468
493	1763
494	417
495	732
496	1119
497	183
498	1523
499	532
500	863
501	415
502	1740
503	707
504	1530
505	1819
506	1588
507	1287
508	1588
509	744
510	655
511	1176
512	384
513	1493
514	1716
515	209
516	1530
517	1226
518	1588
519	1884
520	1287
521	1970
522	764
523	482
524	870
525	1406
526	89
527	209
528	1305
529	1115
530	1840
531	2002
532	1915
533	1819
534	1413
535	1161
536	704
537	1287
538	5
539	311
540	1096
541	1415
542	2066
543	77
544	18
545	1811
546	709
547	1525
548	1683
549	1530
550	1125
551	2030
552	1701
553	199
554	267
555	957
556	1336
557	1925
558	1811
559	709
560	531
561	99
562	1892
563	361
564	1004
565	852
566	266
567	209
568	1142
569	90
570	2032
571	1977
572	209
573	1602
574	1413
575	363
576	288
577	308
578	1523
579	1063
580	72
581	1314
582	1822
583	1530
584	1942
585	1551
586	1840
587	1394
588	912
589	132
590	1064
591	591
592	2009
593	542
594	596
595	89
596	1884
597	1884
598	1530
599	1361
600	752
601	1387
602	2009
603	317
604	308
605	466
606	2017
607	852
608	433
609	409
610	1154
611	172
612	1892
613	861
614	1977
615	1927
616	1189
617	61
618	849
619	598
620	603
621	168
622	1716
623	1817
624	1866
625	1468
626	1892
627	1550
628	707
629	806
630	1714
631	1387
632	742
633	1063
634	1101
635	2004
636	1616
637	532
638	1154
639	1997
640	580
641	2022
642	503
643	1263
644	1781
645	311
646	1486
647	1586
648	1672
649	605
650	1840
651	2008
652	709
653	989
654	650
655	397
656	1530
657	1929
658	602
659	1781
660	1935
661	72
662	19
663	690
664	1499
665	868
666	1483
667	1942
668	1349
669	1167
670	738
671	884
672	1026
673	1386
674	1038
675	483
676	764
677	212
678	674
679	747
680	380
681	852
682	484
683	524
684	1822
685	338
686	726
687	735
688	1226
689	86
690	169
691	257
692	697
693	1063
694	524
695	1349
696	1075
697	774
698	2008
699	6
700	1866
701	1820
702	754
703	1342
704	105
705	1569
706	845
707	476
708	62
709	1935
710	488
711	1413
712	433
713	1680
714	218
715	1063
716	1902
717	649
718	756
719	471
720	1822
721	1961
722	362
723	19
724	275
725	1305
726	377
727	2022
728	106
729	1884
730	1798
731	1361
732	1994
733	384
734	1672
735	566
736	1558
737	311
738	247
739	134
740	1866
741	1892
742	546
743	1140
744	105
745	732
746	1430
747	354
748	512
749	106
750	1516
751	764
752	506
753	1781
754	1609
755	605
756	1763
757	1516
758	1716
759	1701
760	1716
761	624
762	134
763	1069
764	169
765	362
766	746
767	177
768	1387
769	1048
770	1431
771	1151
772	1322
773	1215
774	536
775	1551
776	1811
777	1952
778	1276
779	1822
780	230
781	1781
782	1161
783	1801
784	1308
785	1511
786	286
787	2042
788	773
789	482
790	1095
791	483
792	132
793	690
794	1609
795	1597
796	1372
797	6
798	1047
799	1600
800	1341
801	1499
802	232
803	1250
804	1188
805	135
806	1822
807	580
808	560
809	221
810	2005
811	209
812	143
813	1741
814	1106
815	1176
816	1705
817	1480
818	904
819	814
820	1171
821	447
822	692
823	1811
824	1402
825	641
826	1335
827	744
828	2074
829	6
830	957
831	832
832	105
833	1523
834	1097
835	1929
836	735
837	747
838	179
839	1741
840	348
841	1543
842	1994
843	192
844	1960
845	1864
846	987
847	6
848	854
849	1069
850	591
851	525
852	1827
853	1675
854	1847
855	52
856	825
857	341
858	904
859	552
860	1398
861	678
862	119
863	528
864	1282
865	897
866	1316
867	485
868	1822
869	99
870	1387
871	455
872	1693
873	580
874	1432
875	285
876	1383
877	904
878	1094
879	1776
880	978
881	1660
882	291
883	560
884	1306
885	1176
886	341
887	465
888	500
889	1069
890	1822
891	1140
892	853
893	598
894	813
895	2066
896	1822
897	172
898	34
899	1504
900	1883
901	1651
902	1048
903	471
904	52
905	1473
906	48
907	1153
908	966
909	922
910	1252
911	1815
912	742
913	1781
914	536
915	566
916	1440
917	493
918	782
919	888
920	89
921	98
922	704
923	1495
924	1530
925	1813
926	1929
927	209
928	774
929	2
930	1927
931	1387
932	1386
933	1378
934	2045
935	1454
936	150
937	524
938	1372
939	150
940	260
941	1929
942	782
943	1774
944	1444
945	82
946	1607
947	2020
948	956
949	1046
950	12
951	1827
952	1984
953	482
954	177
955	1915
956	105
957	651
958	1573
959	19
960	260
961	2079
962	735
963	2024
964	1176
965	263
966	1161
967	598
968	1927
969	1174
970	220
971	764
972	1302
973	61
974	773
975	467
976	1185
977	1620
978	519
979	602
980	1813
981	655
982	519
983	1629
984	252
985	354
986	1246
987	779
988	43
989	377
990	506
991	2005
992	1701
993	1840
994	950
995	1110
996	1350
997	846
998	403
999	415
1000	1140
1001	1975
1002	543
1003	524
1004	713
1005	2076
1006	1054
1007	1515
1008	1482
1009	1840
1010	318
1011	1960
1012	911
1013	510
1014	763
1015	1394
1016	791
1017	1109
1018	1861
1019	41
1020	230
1021	732
1022	1763
1023	791
1024	905
1025	527
1026	1461
1027	1023
1028	699
1029	1287
1030	1631
1031	1758
1032	409
1033	1437
1034	1101
1035	747
1036	1620
1037	1276
1038	556
1039	357
1040	502
1041	70
1042	377
1043	1660
1044	1792
1045	412
1046	912
1047	1979
1048	47
1049	1919
1050	813
1051	911
1052	133
1053	25
1054	345
1055	483
1056	2005
1057	769
1058	1864
1059	1736
1060	1588
1061	1890
1062	1550
1063	1556
1064	1386
1065	387
1066	134
1067	48
1068	1351
1069	560
1070	1161
1071	106
1072	183
1073	82
1074	1387
1075	1369
1076	2079
1077	134
1078	1055
1079	308
1080	1864
1081	2069
1082	1811
1083	987
1084	90
1085	3
1086	709
1087	1361
1088	1712
1089	556
1090	1811
1091	1840
1092	641
1093	339
1094	1437
1095	2048
1096	209
1097	903
1098	1794
1099	719
1100	1383
1101	456
1102	2074
1103	651
1104	52
1105	1984
1106	1994
1107	971
1108	863
1109	1979
1110	1506
1111	1692
1112	204
1113	576
1114	360
1115	1822
1116	1372
1117	209
1118	2066
1119	1134
1120	735
1121	322
1122	2022
1123	1782
1124	387
1125	1840
1126	1016
1127	561
1128	1029
1129	1094
1130	1811
1131	1097
1132	957
1133	43
1134	393
1135	1620
1136	966
1137	597
1138	1543
1139	989
1140	1430
1141	428
1142	1507
1143	1841
1144	1171
1145	82
1146	260
1147	1225
1148	1483
1149	725
1150	619
1151	1075
1152	1212
1153	491
1154	842
1155	1694
1156	1050
1157	1568
1158	1883
1159	471
1160	34
1161	483
1162	865
1163	1497
1164	1369
1165	785
1166	1385
1167	493
1168	1858
1169	1688
1170	1725
1171	1823
1172	678
1173	597
1174	1534
1175	1935
1176	451
1177	447
1178	424
1179	1282
1180	1454
1181	1107
1182	257
1183	1768
1184	1103
1185	1566
1186	575
1187	860
1188	854
1189	60
1190	605
1191	317
1192	1406
1193	413
1194	302
1195	1600
1196	76
1197	1942
1198	732
1199	1174
1200	1674
1201	560
1202	1334
1203	864
1204	494
1205	188
1206	1469
1207	445
1208	825
1209	1264
1210	380
1211	1469
1212	471
1213	933
1214	99
1215	1366
1216	1561
1217	1653
1218	1595
1219	678
1220	902
1221	1203
1222	41
1223	1905
1224	1182
1225	909
1226	1413
1227	1653
1228	1323
1229	191
1230	967
1231	830
1232	2048
1233	468
1234	348
1235	544
1236	849
1237	743
1238	115
1239	967
1240	1431
1241	580
1242	6
1243	598
1244	936
1245	1683
1246	813
1247	500
1248	223
1249	522
1250	72
1251	210
1252	1892
1253	1406
1254	1815
1255	1140
1256	9
1257	560
1258	1536
1259	1182
1260	1550
1261	1536
1262	1174
1263	1119
1264	336
1265	2069
1266	2005
1267	1775
1268	1701
1269	1191
1270	1970
1271	1970
1272	829
1273	790
1274	1064
1275	1794
1276	9
1277	1960
1278	1119
1279	806
1280	529
1281	1369
1282	587
1283	1464
1284	1394
1285	1884
1286	1182
1287	903
1288	813
1289	1576
1290	272
1291	1818
1292	1337
1293	963
1294	2017
1295	830
1296	89
1297	1822
1298	1039
1299	1151
1300	1096
1301	24
1302	1199
1303	1323
1304	384
1305	1822
1306	31
1307	1326
1308	493
1309	1868
1310	1458
1311	677
1312	232
1313	996
1314	2005
1315	558
1316	2064
1317	1816
1318	1680
1319	387
1320	1801
1321	1361
1322	1467
1323	1758
1324	299
1325	1190
1326	2008
1327	596
1328	1016
1329	1436
1330	468
1331	198
1332	287
1333	1480
1334	1538
1335	1260
1336	1864
1337	1227
1338	525
1339	134
1340	767
1341	99
1342	1140
1343	1361
1344	1013
1345	1569
1346	577
1347	237
1348	2046
1349	1234
1350	386
1351	1120
1352	1486
1353	486
1354	1171
1355	136
1356	370
1357	1101
1358	1778
1359	121
1360	1422
1361	1609
1362	1507
1363	1444
1364	598
1365	704
1366	1220
1367	1771
1368	39
1369	1283
1370	950
1371	58
1372	919
1373	1614
1374	1394
1375	745
1376	1183
1377	393
1378	283
1379	752
1380	1551
1381	19
1382	1140
1383	872
1384	502
1385	25
1386	1778
1387	1164
1388	1324
1389	641
1390	987
1391	483
1392	209
1393	1887
1394	717
1395	1631
1396	465
1397	1110
1398	1171
1399	1807
1400	1901
1401	188
1402	2038
1403	1714
1404	1978
1405	1929
1406	526
1407	1372
1408	1269
1409	471
1410	816
1411	409
1412	134
1413	867
1414	1883
1415	936
1416	987
1417	1096
1418	2061
1419	763
1420	192
1421	587
1422	581
1423	655
1424	1857
1425	450
1426	671
1427	1614
1428	2066
1429	933
1430	348
1431	763
1432	1402
1433	1176
1434	24
1435	1387
1436	2
1437	1380
1438	1822
1439	1822
1440	524
1441	2048
1442	387
1443	719
1444	1875
1445	1792
1446	1915
1447	1967
1448	1916
1449	565
1450	1540
1451	1335
1452	1563
1453	1550
1454	1794
1455	232
1456	323
1457	1594
1458	163
1459	1097
1460	163
1461	1368
1462	518
1463	1981
1464	1264
1465	239
1466	713
1467	76
1468	1979
1469	939
1470	1440
1471	1225
1472	774
1473	163
1474	99
1475	1811
1476	1406
1477	1312
1478	220
1479	764
1480	94
1481	1213
1482	315
1483	1473
1484	620
1485	1040
1486	1341
1487	254
1488	1701
1489	774
1490	1121
1491	727
1492	2070
1493	74
1494	748
1495	1430
1496	1034
1497	1929
1498	1976
1499	346
1500	954
1501	1444
1502	1937
1503	1660
1504	21
1505	1692
1506	1474
1507	1743
1508	1794
1509	1647
1510	213
1511	675
1512	758
1513	764
1514	1510
1515	2021
1516	1915
1517	1349
1518	109
1519	455
1520	553
1521	1128
1522	2068
1523	598
1524	1023
1525	531
1526	1480
1527	1872
1528	179
1529	1495
1530	1130
1531	1416
1532	2072
1533	1290
1534	1436
1535	1911
1536	1110
1537	1915
1538	2000
1539	1715
1540	1195
1541	179
1542	1722
1543	1563
1544	320
1545	385
1546	28
1547	841
1548	1844
1549	1101
1550	620
1551	915
1552	1013
1553	1546
1554	927
1555	1846
1556	457
1557	487
1558	150
1559	258
1560	525
1561	1413
1562	1305
1563	357
1564	965
1565	855
1566	1977
1567	327
1568	970
1569	961
1570	580
1571	209
1572	1491
1573	1820
1574	1046
1575	560
1576	2066
1577	283
1578	1523
1579	2046
1580	2068
1581	1468
1582	311
1583	1883
1584	1551
1585	1979
1586	719
1587	428
1588	782
1589	1436
1590	803
1591	936
1592	262
1593	484
1594	98
1595	611
1596	774
1597	2009
1598	1633
1599	1677
1600	735
1601	1892
1602	19
1603	1337
1604	34
1605	1153
1606	1437
1607	1171
1608	1031
1609	1356
1610	1149
1611	325
1612	1979
1613	1119
1614	2048
1615	1858
1616	342
1617	215
1618	1986
1619	157
1620	1667
1621	678
1622	285
1623	2054
1624	29
1625	1335
1626	1561
1627	1023
1628	92
1629	1085
1630	1847
1631	854
1632	817
1633	666
1634	1923
1635	1360
1636	560
1637	592
1638	767
1639	1161
1640	1763
1641	188
1642	1026
1643	532
1644	362
1645	1119
1646	1558
1647	1099
1648	1692
1649	1153
1650	732
1651	827
1652	1161
1653	855
1654	257
1655	754
1656	1316
1657	1385
1658	482
1659	1977
1660	966
1661	1802
1662	1176
1663	901
1664	735
1665	705
1666	2023
1667	1368
1668	1386
1669	1834
1670	991
1671	863
1672	1543
1673	1763
1674	1822
1675	1840
1676	447
1677	1669
1678	1575
1679	209
1680	1937
1681	1707
1682	1220
1683	767
1684	940
1685	1350
1686	788
1687	1448
1688	1569
1689	1182
1690	3
1691	1625
1692	1436
1693	753
1694	825
1695	1692
1696	791
1697	704
1698	936
1699	1357
1700	620
1701	610
1702	1222
1703	333
1704	1523
1705	1171
1706	448
1707	1905
1708	1569
1709	1402
1710	294
1711	1154
1712	1672
1713	1653
1714	242
1715	934
1716	1858
1717	1369
1718	1779
1719	123
1720	1284
1721	531
1722	1927
1723	865
1724	473
1725	704
1726	393
1727	825
1728	1173
1729	1418
1730	1637
1731	2007
1732	1801
1733	767
1734	509
1735	741
1736	1153
1737	676
1738	707
1739	1515
1740	1811
1741	437
1742	2060
1743	1826
1744	972
1745	1679
1746	1960
1747	776
1748	1436
1749	2034
1750	1321
1751	1653
1752	537
1753	1396
1754	502
1755	88
1756	186
1757	273
1758	2013
1759	272
1760	1903
1761	1865
1762	1864
1763	1215
1764	1048
1765	1692
1766	1924
1767	2008
1768	830
1769	1684
1770	34
1771	736
1772	2068
1773	179
1774	1511
1775	2070
1776	897
1777	941
1778	555
1779	476
1780	1436
1781	2049
1782	1456
1783	626
1784	581
1785	1191
1786	812
1787	1995
1788	991
1789	218
1790	2017
1791	959
1792	196
1793	666
1794	279
1795	1253
1796	1637
1797	1361
1798	1503
1799	1018
1800	99
1801	1298
1802	548
1803	343
1804	253
1805	1046
1806	488
1807	1231
1808	1395
1809	2068
1810	3
1811	1674
1812	1828
1813	72
1814	563
1815	430
1816	1323
1817	1788
1818	1111
1819	1765
1820	150
1821	1174
1822	1866
1823	1935
1824	1629
1825	1138
1826	64
1827	96
1828	1722
1829	1479
1830	1881
1831	1778
1832	484
1833	377
1834	743
1835	1316
1836	2079
1837	1305
1838	1652
1839	921
1840	506
1841	804
1842	1929
1843	1548
1844	1274
1845	179
1846	1515
1847	213
1848	411
1849	408
1850	1046
1851	63
1852	343
1853	32
1854	423
1855	2045
1856	1811
1857	380
1858	9
1859	825
1860	1822
1861	272
1862	855
1863	1436
1864	725
1865	943
1866	554
1867	1461
1868	1683
1869	1929
1870	855
1871	1522
1872	486
1873	587
1874	861
1875	1960
1876	1323
1877	1554
1878	1182
1879	1446
1880	678
1881	673
1882	1386
1883	1552
1884	1731
1885	974
1886	24
1887	325
1888	2025
1889	1212
1890	1936
1891	1135
1892	1667
1893	129
1894	536
1895	1421
1896	1844
1897	135
1898	726
1899	76
1900	412
1901	1368
1902	1822
1903	1855
1904	1701
1905	1526
1906	1935
1907	1386
1908	1440
1909	610
1910	1631
1911	1356
1912	415
1913	435
1914	1516
1915	1304
1916	718
1917	592
1918	1501
1919	209
1920	1543
1921	209
1922	1455
1923	1781
1924	311
1925	221
1926	1160
1927	1950
1928	1220
1929	19
1930	965
1931	666
1932	1884
1933	61
1934	1916
1935	230
1936	133
1937	328
1938	1647
1939	610
1940	1236
1941	610
1942	536
1943	392
1944	1277
1945	808
1946	1694
1947	1598
1948	589
1949	1040
1950	1131
1951	1788
1952	336
1953	525
1954	1763
1955	137
1956	1496
1957	944
1958	1040
1959	1234
1960	106
1961	1113
1962	1855
1963	1004
1964	1858
1965	1
1966	699
1967	2074
1968	1517
1969	665
1970	1558
1971	1046
1972	2013
1973	1191
1974	789
1975	825
1976	1260
1977	821
1978	1066
1979	1301
1980	722
1981	1245
1982	1515
1983	723
1984	1530
1985	1243
1986	560
1987	699
1988	643
1989	34
1990	455
1991	1968
1992	1176
1993	1089
1994	1140
1995	1829
1996	997
1997	2076
1998	72
1999	1100
2000	592
2001	496
2002	1471
2003	620
2004	1234
2005	695
2006	1376
2007	1814
2008	1175
2009	2080
2010	1040
2011	1506
2012	1004
2013	1377
2014	182
2015	1763
2016	566
2017	1368
2018	1764
2019	1927
2020	339
2021	1597
2022	1680
2023	1530
2024	788
2025	948
2026	789
2027	1046
2028	1456
2029	1368
2030	1435
2031	2060
2032	179
2033	1368
2034	112
2035	1905
2036	511
2037	468
2038	468
2039	363
2040	668
2041	1653
2042	1871
2043	1603
2044	2079
2045	560
2046	775
2047	123
2048	35
2049	1963
2050	717
2051	666
2052	1469
2053	29
2054	1626
2055	1709
2056	1221
2057	1752
2058	1891
2059	1577
2060	1540
2061	613
2062	237
2063	2056
2064	1456
2065	244
2066	555
2067	675
2068	975
2069	1633
2070	1314
2071	1447
2072	1373
2073	214
2074	2074
2075	496
2076	1534
2077	829
2078	986
2079	403
2080	1336
2081	1189
2082	918
2083	1141
2084	1906
2085	1640
2086	341
2087	1208
2088	1421
2089	673
2090	827
2091	1016
2092	1075
2093	87
2094	132
2095	134
2096	610
2097	1358
2098	1817
2099	106
2100	1820
2101	908
2102	1580
2103	1191
2104	93
2105	1994
2106	1665
2107	277
2108	1248
2109	1065
2110	1259
2111	1114
2112	1964
2113	921
2114	510
2115	563
2116	1681
2117	1794
2118	989
2119	82
2120	912
2121	1174
2122	1231
2123	1238
2124	1775
2125	1367
2126	1245
2127	336
2128	712
2129	1892
2130	1905
2131	861
2132	2066
2133	814
2134	362
2135	367
2136	1259
2137	1372
2138	1234
2139	1368
2140	512
2141	1284
2142	1987
2143	951
2144	89
2145	1668
2146	509
2147	1171
2148	2003
2149	1132
2150	1306
2151	1368
2152	1894
2153	943
2154	116
2155	725
2156	1306
2157	1543
2158	611
2159	1949
2160	2059
2161	880
2162	2046
2163	598
2164	588
2165	1791
2166	528
2167	893
2168	1669
2169	1406
2170	1967
2171	1103
2172	1041
2173	56
2174	1026
2175	721
2176	879
2177	1368
2178	211
2179	340
2180	1777
2181	1282
2182	1428
2183	1084
2184	989
2185	667
2186	509
2187	545
2188	1782
2189	610
2190	1704
2191	315
2192	945
2193	280
2194	1500
2195	1162
2196	1943
2197	1293
2198	1115
2199	1475
2200	272
2201	1916
2202	1705
2203	1338
2204	1858
2205	1222
2206	317
2207	559
2208	1065
2209	1430
2210	109
2211	2075
2212	1492
2213	1251
2214	790
2215	465
2216	572
2217	686
2218	764
2219	1001
2220	735
2221	1385
2222	1612
2223	1862
2224	1642
2225	848
2226	1017
2227	289
2228	1161
2229	2035
2230	273
2231	1390
2232	1310
2233	1840
2234	2046
2235	797
2236	227
2237	935
2238	2004
2239	1737
2240	598
2241	1389
2242	72
2243	1935
2244	46
2245	542
2246	1883
2247	1261
2248	170
2249	690
2250	641
2251	232
2252	2029
2253	865
2254	731
2255	821
2256	78
2257	1368
2258	309
2259	998
2260	2047
2261	1308
2262	839
2263	1368
2264	570
2265	1766
2266	555
2267	221
2268	274
2269	1021
2270	1797
2271	1368
2272	1093
2273	43
2274	1484
2275	980
2276	1633
2277	331
2278	1306
2279	1783
2280	1255
2281	1636
2282	1196
2283	1814
2284	1436
2285	1105
2286	866
2287	2027
2288	959
2289	1654
2290	616
2291	1438
2292	1938
2293	1341
2294	1543
2295	1231
2296	409
2297	1781
2298	2046
2299	415
2300	288
2301	1692
2302	1876
2303	209
2304	1112
2305	361
2306	1832
2307	1390
2308	1469
2309	1621
2310	524
2311	1950
2312	1046
2313	1406
2314	610
2315	1605
2316	375
2317	106
2318	527
2319	1763
2320	1122
2321	1744
2322	1710
2323	905
2324	150
2325	1845
2326	1260
2327	384
2328	2036
2329	641
2330	1296
2331	342
2332	198
2333	1766
2334	1888
2335	20
2336	1146
2337	1462
2338	1894
2339	117
2340	1185
2341	506
2342	711
2343	888
2344	1002
2345	1066
2346	1368
2347	1327
2348	331
2349	1653
2350	2026
2351	4
2352	650
2353	1880
2354	1966
2355	1968
2356	1370
2357	1191
2358	481
2359	143
2360	1912
2361	1496
2362	141
2363	1969
2364	687
2365	1856
2366	13
2367	1133
2368	831
2369	1476
2370	725
2371	1368
2372	1232
2373	1302
2374	1895
2375	563
2376	257
2377	180
2378	1629
2379	940
2380	100
2381	885
2382	1109
2383	930
2384	1193
2385	1685
2386	757
2387	1405
2388	699
2389	1368
2390	1088
2391	866
2392	857
2393	498
2394	762
2395	846
2396	1177
2397	1368
2398	1604
2399	1663
2400	637
2401	1267
2402	340
2403	1899
2404	959
2405	165
2406	447
2407	678
2408	332
2409	1428
2410	178
2411	1152
2412	1183
2413	43
2414	337
2415	1904
2416	1311
2417	174
2418	75
2419	1630
2420	304
2421	1427
2422	1533
2423	524
2424	710
2425	1188
2426	883
2427	920
2428	1822
2429	1439
2430	1306
2431	528
2432	1176
2433	557
2434	234
2435	1258
2436	1840
2437	1551
2438	2034
2439	867
2440	610
2441	843
2442	1865
2443	1106
2444	1969
2445	232
2446	247
2447	1816
2448	2079
2449	1655
2450	73
2451	1139
2452	1171
2453	1960
2454	522
2455	329
2456	1639
2457	362
2458	1060
2459	633
2460	1295
2461	23
2462	1652
2463	1927
2464	1896
2465	331
2466	481
2467	1092
2468	35
2469	1805
2470	922
2471	420
2472	289
2473	108
2474	1702
2475	598
2476	2046
2477	1814
2478	1891
2479	115
2480	92
2481	1193
2482	1162
2483	1346
2484	1336
2485	1626
2486	1763
2487	1901
2488	136
2489	1372
2490	1185
2491	1684
2492	394
2493	1842
2494	167
2495	115
2496	1818
2497	1747
2498	1742
2499	52
2500	1376
2501	1690
2502	511
2503	1000
2504	270
2505	1319
2506	921
2507	2037
2508	1473
2509	1822
2510	152
2511	890
2512	877
2513	1745
2514	1006
2515	1066
2516	1715
2517	768
2518	208
2519	104
2520	617
2521	392
2522	1571
2523	476
2524	1385
2525	1465
2526	959
2527	1074
2528	966
2529	1389
2530	1489
2531	298
2532	1138
2533	940
2534	312
2535	1314
2536	1567
2537	1388
2538	591
2539	1819
2540	20
2541	1669
2542	1781
2543	477
2544	1971
2545	940
2546	1404
2547	531
2548	1359
2549	1439
2550	1605
2551	1728
2552	831
2553	851
2554	1042
2555	1717
2556	1564
2557	209
2558	1385
2559	101
2560	1337
2561	3
2562	3
2563	157
2564	105
2565	2004
2566	1035
2567	387
2568	1229
2569	1693
2570	1157
2571	1792
2572	563
2573	627
2574	820
2575	2053
2576	1604
2577	818
2578	354
2579	1397
2580	403
2581	1897
2582	649
2583	522
2584	1046
2585	997
2586	2053
2587	1327
2588	206
2589	1973
2590	1916
2591	1019
2592	1866
2593	1967
2594	566
2595	1014
2596	1440
2597	2054
2598	221
2599	2023
2600	853
2601	1847
2602	418
2603	1813
2604	911
2605	1733
2606	126
2607	1210
2608	947
2609	200
2610	1368
2611	1586
2612	998
2613	1960
2614	1633
2615	1833
2616	1566
2617	1658
2618	57
2619	937
2620	421
2621	864
2622	355
2623	696
2624	179
2625	444
2626	1047
2627	1389
2628	935
2629	1977
2630	1520
2631	470
2632	714
2633	911
2634	246
2635	1836
2636	0
2637	1530
2638	547
2639	1970
2640	1041
2641	438
2642	1068
2643	1585
2644	1383
2645	1990
2646	44
2647	342
2648	393
2649	803
2650	1386
2651	1950
2652	1674
2653	1624
2654	1731
2655	1401
2656	1109
2657	311
2658	1978
2659	1758
2660	32
2661	711
2662	968
2663	1569
2664	188
2665	366
2666	132
2667	569
2668	357
2669	1686
2670	158
2671	186
2672	1352
2673	1707
2674	465
2675	2055
2676	1436
2677	235
2678	35
2679	890
2680	63
2681	1182
2682	49
2683	1753
2684	1751
2685	1951
2686	1268
2687	129
2688	187
2689	900
2690	647
2691	1166
2692	1109
2693	475
2694	1615
2695	231
2696	1477
2697	1842
2698	131
2699	194
2700	699
2701	1869
2702	1692
2703	1741
2704	823
2705	998
2706	424
2707	610
2708	1171
2709	983
2710	471
2711	587
2712	471
2713	376
2714	1558
2715	819
2716	1147
2717	1912
2718	1330
2719	292
2720	148
2721	1323
2722	383
2723	848
2724	61
2725	333
2726	1423
2727	1446
2728	1372
2729	245
2730	1259
2731	492
2732	1420
2733	1858
2734	1883
2735	1134
2736	1558
2737	463
2738	87
2739	1960
2740	1402
2741	1673
2742	1971
2743	879
2744	396
2745	1676
2746	533
2747	1352
2748	1107
2749	682
2750	1755
2751	1458
2752	1229
2753	407
2754	1406
2755	183
2756	227
2757	2016
2758	1046
2759	487
2760	2065
2761	2067
2762	611
2763	1120
2764	1784
2765	159
2766	1272
2767	846
2768	120
2769	520
2770	1606
2771	1851
2772	997
2773	792
2774	1253
2775	1056
2776	1178
2777	400
2778	1487
2779	1772
2780	1929
2781	213
2782	878
2783	629
2784	1867
2785	1502
2786	1960
2787	1273
2788	1335
2789	717
2790	97
2791	1138
2792	816
2793	1670
2794	1006
2795	536
2796	837
2797	869
2798	669
2799	864
2800	1951
2801	1041
2802	1954
2803	496
2804	1328
2805	160
2806	261
2807	1545
2808	894
2809	1535
2810	1910
2811	1214
2812	1613
2813	947
2814	917
2815	1129
2816	1521
2817	973
2818	1195
2819	388
2820	1303
2821	1955
2822	276
2823	1564
2824	122
2825	1330
2826	874
2827	1863
2828	98
2829	648
2830	1286
2831	1623
2832	1082
2833	1009
2834	30
2835	310
2836	584
2837	1130
2838	1928
2839	1782
2840	1993
2841	532
2842	1451
2843	867
2844	926
2845	340
2846	259
2847	1719
2848	2011
2849	872
2850	1467
2851	155
2852	1785
2853	1439
2854	431
2855	2077
2856	189
2857	188
2858	1573
2859	619
2860	1257
2861	580
2862	1858
2863	372
2864	823
2865	1965
2866	394
2867	476
2868	1617
2869	285
2870	739
2871	1026
2872	8
2873	976
2874	397
2875	1437
2876	1780
2877	1764
2878	1854
2879	23
2880	116
2881	1066
2882	1891
2883	838
2884	1485
2885	35
2886	1632
2887	757
2888	426
2889	615
2890	797
2891	490
2892	1076
2893	1559
2894	1920
2895	798
2896	2040
2897	110
2898	1161
2899	135
2900	593
2901	800
2902	639
2903	1916
2904	63
2905	1289
2906	429
2907	480
2908	1172
2909	184
2910	1166
2911	1709
2912	1988
2913	1803
2914	604
2915	928
2916	1985
2917	1043
2918	1716
2919	40
2920	1061
2921	1705
2922	55
2923	1413
2924	203
2925	598
2926	1306
2927	151
2928	248
2929	1655
2930	1514
2931	565
2932	1974
2933	1285
2934	1026
2935	1045
2936	713
2937	236
2938	627
2939	1759
2940	844
2941	611
2942	51
2943	1393
2944	331
2945	634
2946	1064
2947	632
2948	1923
2949	227
2950	788
2951	1089
2952	1718
2953	331
2954	416
2955	35
2956	1787
2957	1912
2958	904
2959	1187
2960	972
2961	1665
2962	173
2963	840
2964	1838
2965	282
2966	988
2967	1527
2968	1643
2969	1595
2970	599
2971	907
2972	1674
2973	295
2974	443
2975	225
2976	1447
2977	47
2978	1224
2979	427
2980	865
2981	16
2982	721
2983	1787
2984	1083
2985	1077
2986	2039
2987	721
2988	1778
2989	478
2990	296
2991	1967
2992	13
2993	1665
2994	1292
2995	1222
2996	1221
2997	1921
2998	401
2999	1229
3000	912
3001	1908
3002	940
3003	663
3004	1635
3005	1541
3006	1392
3007	37
3008	1893
3009	27
3010	1918
3011	1967
3012	1425
3013	1821
3014	1372
3015	528
3016	330
3017	184
3018	1929
3019	1821
3020	650
3021	1562
3022	245
3023	1305
3024	1675
3025	560
3026	962
3027	1821
3028	2049
3029	1386
3030	1655
3031	1039
3032	1182
3033	2057
3034	1561
3035	711
3036	1553
3037	1171
3038	988
3039	1009
3040	1927
3041	1396
3042	578
3043	10
3044	2077
3045	1329
3046	1178
3047	1407
3048	1623
3049	1042
3050	1118
3051	740
3052	1409
3053	2005
3054	1635
3055	1996
3056	1534
3057	491
3058	1992
3059	1723
3060	750
3061	1107
3062	699
3063	982
3064	148
3065	1898
3066	645
3067	1646
3068	1478
3069	1393
3070	1933
3071	1372
3072	771
3073	139
3074	666
3075	803
3076	688
3077	1403
3078	899
3079	1773
3080	303
3081	220
3082	1609
3083	635
3084	1734
3085	1882
3086	232
3087	964
3088	1843
3089	318
3090	742
3091	634
3092	1760
3093	328
3094	262
3095	644
3096	381
3097	4
3098	1044
3099	1724
3100	733
3101	1496
3102	1115
3103	1027
3104	288
3105	1574
3106	1323
3107	1840
3108	372
3109	1754
3110	1123
3111	2008
3112	796
3113	524
3114	824
3115	1655
3116	54
3117	806
3118	136
3119	1708
3120	200
3121	34
3122	1960
3123	1424
3124	786
3125	200
3126	735
3127	1110
3128	960
3129	338
3130	666
3131	643
3132	432
3133	1209
3134	1513
3135	378
3136	1824
3137	1108
3138	491
3139	1359
3140	809
3141	14
3142	1051
3143	1275
3144	731
3145	761
3146	2080
3147	1449
3148	1079
3149	65
3150	565
3151	871
3152	1118
3153	1762
3154	1812
3155	160
3156	1968
3157	506
3158	1947
3159	757
3160	379
3161	268
3162	564
3163	140
3164	507
3165	1311
3166	310
3167	703
3168	1003
3169	1374
3170	1687
3171	672
3172	984
3173	1163
3174	66
3175	1009
3176	1988
3177	1690
3178	1641
3179	1754
3180	1422
3181	1470
3182	936
3183	1344
3184	712
3185	215
3186	1271
3187	1706
3188	540
3189	313
3190	1960
3191	425
3192	815
3193	1196
3194	175
3195	1037
3196	1332
3197	1124
3198	283
3199	1078
3200	1832
3201	229
3202	1610
3203	71
3204	573
3205	1980
3206	1412
3207	1950
3208	989
3209	398
3210	53
3211	974
3212	812
3213	1689
3214	509
3215	846
3216	198
3217	1323
3218	393
3219	977
3220	181
3221	1147
3222	658
3223	1830
3224	1498
3225	1237
3226	1151
3227	653
3228	1284
3229	1162
3230	612
3231	1442
3232	472
3233	779
3234	80
3235	1761
3236	821
3237	579
3238	1988
3239	1763
3240	1450
3241	130
3242	567
3243	1518
3244	1708
3245	891
3246	1825
3247	836
3248	1284
3249	2001
3250	780
3251	631
3252	1600
3253	1821
3254	582
3255	1795
3256	8
3257	752
3258	969
3259	874
3260	959
3261	1459
3262	499
3263	1490
3264	1242
3265	152
3266	271
3267	1016
3268	1663
3269	1623
3270	2058
3271	1275
3272	255
3273	1020
3274	1399
3275	1883
3276	96
3277	706
3278	1362
3279	1726
3280	654
3281	724
3282	2051
3283	195
3284	171
3285	405
3286	471
3287	1745
3288	464
3289	118
3290	10
3291	792
3292	1623
3293	995
3294	428
3295	585
3296	1323
3297	953
3298	1494
3299	1695
3300	1482
3301	940
3302	879
3303	670
3304	856
3305	1924
3306	65
3307	1146
3308	222
3309	1627
3310	1158
3311	1810
3312	1850
3313	1155
3314	942
3315	586
3316	24
3317	843
3318	1394
3319	1814
3320	822
3321	1960
3322	1602
3323	136
3324	1169
3325	1840
3326	1671
3327	273
3328	715
3329	1544
3330	609
3331	979
3332	421
3333	219
3334	162
3335	896
3336	1179
3337	1699
3338	938
3339	600
3340	814
3341	799
3342	32
3343	1291
3344	1425
3345	698
3346	1378
3347	109
3348	1005
3349	803
3350	869
3351	179
3352	511
3353	22
3354	491
3355	1368
3356	434
3357	620
3358	462
3359	1347
3360	1757
3361	365
3362	376
3363	607
3364	892
3365	1091
3366	1649
3367	666
3368	1368
3369	293
3370	293
3371	1642
3372	822
3373	881
3374	1050
3375	891
3376	1592
3377	335
3378	669
3379	15
3380	1310
3381	1840
3382	200
3383	772
3384	649
3385	1703
3386	1323
3387	1266
3388	1194
3389	1956
3390	1347
3391	550
3392	1153
3393	2073
3394	1530
3395	1426
3396	1802
3397	583
3398	1606
3399	1763
3400	916
3401	411
3402	1011
3403	784
3404	460
3405	1694
3406	1033
3407	1032
3408	926
3409	553
3410	1998
3411	1557
3412	1126
3413	364
3414	625
3415	452
3416	1804
3417	379
3418	1389
3419	436
3420	1090
3421	990
3422	895
3423	952
3424	1294
3425	224
3426	664
3427	217
3428	1894
3429	2013
3430	757
3431	1022
3432	11
3433	580
3434	1216
3435	84
3436	65
3437	515
3438	379
3439	621
3440	694
3441	625
3442	1707
3443	1874
3444	465
3445	306
3446	766
3447	923
3448	147
3449	256
3450	1398
3451	516
3452	1608
3453	389
3454	1644
3455	218
3456	145
3457	390
3458	32
3459	1709
3460	479
3461	371
3462	391
3463	991
3464	1720
3465	826
3466	1170
3467	443
3468	511
3469	1963
3470	1912
3471	1870
3472	787
3473	1582
3474	2017
3475	1698
3476	1638
3477	793
3478	1703
3479	889
3480	285
3481	1821
3482	1417
3483	1306
3484	1960
3485	1905
3486	372
3487	911
3488	331
3489	100
3490	515
3491	949
3492	967
3493	508
3494	342
3495	1252
3496	335
3497	365
3498	789
3499	292
3500	307
3501	515
3502	1719
3503	100
3504	523
3505	691
3506	666
3507	1239
3508	1518
3509	292
3510	1156
3511	1774
3512	2033
3513	1062
3514	63
3515	634
3516	1926
3517	1480
3518	1024
3519	1384
3520	633
3521	1273
3522	1986
3523	979
3524	1765
3525	1323
3526	421
3527	1127
3528	1508
3529	1331
3530	1059
3531	1721
3532	590
3533	2063
3534	149
3535	166
3536	1365
3537	1520
3538	300
3539	314
3540	1500
3541	1601
3542	1036
3543	1657
3544	1181
3545	538
3546	283
3547	517
3548	1697
3549	113
3550	622
3551	495
3552	1481
3553	1957
3554	488
3555	1417
3556	685
3557	1590
3558	152
3559	59
3560	1136
3561	180
3562	365
3563	32
3564	449
3565	1958
3566	1622
3567	1698
3568	440
3569	436
3570	32
3571	458
3572	331
3573	1666
3574	1599
3575	1549
3576	891
3577	727
3578	347
3579	1751
3580	1408
3581	699
3582	14
3583	666
3584	1941
3585	521
3586	574
3587	728
3588	206
3589	1235
3590	419
3591	499
3592	912
3593	142
3594	1982
3595	638
3596	1749
3597	1938
3598	356
3599	505
3600	1960
3601	2014
3602	1229
3603	1913
3604	1078
3605	886
3606	895
3607	128
3608	1213
3609	895
3610	253
3611	161
3612	1587
3613	1721
3614	1205
3615	1200
3616	1793
3617	1382
3618	368
3619	761
3620	1391
3621	1148
3622	1611
3623	81
3624	1156
3625	680
3626	50
3627	1573
3628	297
3629	1368
3630	1368
3631	1457
3632	1147
3633	124
3634	2070
3635	1010
3636	539
3637	1165
3638	36
3639	1930
3640	1198
3641	729
3642	1898
3643	666
3644	1234
3645	830
3646	1463
3647	1453
3648	338
3649	755
3650	1443
3651	269
3652	835
3653	1260
3654	1688
3655	1929
3656	1275
3657	530
3658	708
3659	2041
3660	68
3661	1024
3662	661
3663	48
3664	17
3665	1262
3666	1197
3667	1914
3668	1248
3669	1583
3670	1078
3671	1085
3672	2052
3673	1853
3674	1440
3675	1297
3676	441
3677	751
3678	45
3679	1537
3680	402
3681	1445
3682	1946
3683	146
3684	1368
3685	324
3686	955
3687	313
3688	609
3689	290
3690	1524
3691	359
3692	313
3693	1600
3694	439
3695	1656
3696	847
3697	1087
3698	152
3699	703
3700	545
3701	1790
3702	1808
3703	176
3704	1907
3705	1204
3706	1532
3707	1730
3708	1351
3709	1463
3710	132
3711	1662
3712	1159
3713	994
3714	1278
3715	351
3716	1713
3717	1145
3718	1472
3719	250
3720	515
3721	111
3722	1849
3723	646
3724	172
3725	1364
3726	1684
3727	994
3728	1295
3729	1288
3730	458
3731	1593
3732	1117
3733	1417
3734	379
3735	1922
3736	859
3737	1241
3738	102
3739	164
3740	1372
3741	513
3742	720
3743	352
3744	1727
3745	1417
3746	1148
3747	1273
3748	753
3749	1473
3750	959
3751	1328
3752	2071
3753	992
3754	251
3755	489
3756	1592
3757	1345
3758	1153
3759	924
3760	562
3761	1939
3762	67
3763	125
3764	683
3765	1579
3766	2037
3767	1030
3768	355
3769	1988
3770	2018
3771	932
3772	760
3773	344
3774	1859
3775	2050
3776	601
3777	226
3778	1584
3779	1217
3780	241
3781	1989
3782	1931
3783	1460
3784	1318
3785	1041
3786	443
3787	689
3788	1789
3789	1233
3790	202
3791	1411
3792	913
3793	1531
3794	1339
3795	517
3796	335
3797	365
3798	608
3799	1698
3800	1960
3801	1929
3802	1705
3803	1008
3804	1806
3805	63
3806	108
3807	335
3808	1381
3809	358
3810	1716
3811	154
3812	1691
3813	7
3814	2028
3815	1860
3816	642
3817	1796
3818	1800
3819	778
3820	1442
3821	1878
3822	852
3823	406
3824	278
3825	1078
3826	1539
3827	395
3828	1729
3829	281
3830	1052
3831	1442
3832	693
3833	1201
3834	906
3835	1556
3836	2010
3837	1292
3838	1171
3839	1573
3840	1786
3841	1356
3842	349
3843	1370
3844	1711
3845	1143
3846	497
3847	783
3848	535
3849	1218
3850	1671
3851	1663
3852	737
3853	1852
3854	1012
3855	504
3856	425
3857	634
3858	144
3859	1518
3860	301
3861	201
3862	1831
3863	1855
3864	1153
3865	1799
3866	1170
3867	1678
3868	1959
3869	85
3870	1057
3871	1015
3872	369
3873	42
3874	674
3875	2019
3876	1279
3877	1270
3878	556
3879	190
3880	1934
3881	558
3882	568
3883	659
3884	1098
3885	834
3886	1384
3887	1353
3888	1731
3889	1991
3890	501
3891	628
3892	993
3893	1886
3894	795
3895	1313
3896	1821
3897	794
3898	1572
3899	1735
3900	1343
3901	1219
3902	1180
3903	1414
3904	1542
3905	350
3906	2031
3907	618
3908	734
3909	249
3910	1441
3911	1463
3912	946
3913	1466
3914	2030
3915	1381
3916	243
3917	1203
3918	1281
3919	216
3920	753
3921	404
3922	999
3923	1058
3924	770
3925	94
3926	925
3927	405
3928	698
3929	114
3930	979
3931	1958
3932	148
3933	1619
3934	1081
3935	985
3936	476
3937	316
3938	1202
3939	730
3940	119
3941	828
3942	1990
3943	1839
3944	207
3945	1408
3946	294
3947	289
3948	571
3949	173
3950	1596
3951	2058
3952	1256
3953	265
3954	1307
3955	1696
3956	910
3957	1053
3958	1211
3959	103
3960	83
3961	285
3962	1205
3963	1333
3964	1748
3965	1354
3966	1645
3967	1600
3968	1433
3969	1555
3970	1165
3971	1767
3972	1010
3973	1900
3974	1131
3975	541
3976	1249
3977	1309
3978	810
3979	1249
3980	152
3981	781
3982	2051
3983	749
3984	1410
3985	689
3986	1070
3987	438
3988	1659
3989	2062
3990	334
3991	404
3992	1879
3993	1944
3994	681
3995	981
3996	684
3997	1599
3998	620
3999	813
4000	16
4001	1618
4002	185
4003	876
4004	2043
4005	662
4006	636
4007	297
4008	632
4009	512
4010	240
4011	1254
4012	811
4013	2044
4014	1682
4015	2063
4016	1650
4017	1150
4018	872
4019	193
4020	563
4021	612
4022	1300
4023	414
4024	671
4025	1046
4026	284
4027	1999
4028	1340
4029	107
4030	1945
4031	1389
4032	1769
4033	1417
4034	1529
4035	2068
4036	606
4037	1003
4038	576
4039	1348
4040	2041
4041	2041
4042	1049
4043	1228
4044	1547
4045	1237
4046	1086
4047	1873
4048	453
4049	1192
4050	1885
4051	1591
4052	1363
4053	623
4054	1323
4055	634
4056	701
4057	2062
4058	26
4059	611
4060	702
4061	595
4062	1962
4063	1732
4064	810
4065	700
4066	15
4067	399
4068	1623
4069	1932
4070	879
4071	1429
4072	442
4073	1400
4074	459
4075	205
4076	1835
4077	1708
4078	197
4079	326
4080	1146
4081	1700
4082	33
4083	551
4084	1147
4085	742
4086	2000
4087	1072
4088	1917
4089	808
4090	172
4091	373
4092	1093
4093	1178
4094	1071
4095	716
4096	765
4097	1441
4098	422
4099	353
4100	1634
4101	656
4102	1738
4103	1877
4104	1244
4105	1960
4106	1848
4107	1015
4108	1519
4109	875
4110	163
4111	1838
4112	1983
4113	614
4114	1355
4115	914
4116	381
4117	1280
4118	1144
4119	1228
4120	2012
4121	1661
4122	1165
4123	1578
4124	1007
4125	719
4126	1756
4127	1186
4128	2015
4129	1953
4130	514
4131	136
4132	233
4133	1247
4134	1025
4135	1145
4136	1746
4137	1070
4138	630
4139	759
4140	2078
4141	625
4142	1102
4143	1565
4144	833
4145	1116
4146	1909
4147	1315
4148	805
4149	1153
4150	1371
4151	862
4152	1206
4153	454
4154	1452
4155	1323
4156	660
4157	454
4158	1788
4159	898
4160	218
4161	666
4162	1325
4163	858
4164	1165
4165	1750
4166	1178
4167	657
4168	1006
4169	1571
4170	873
4171	2006
4172	156
4173	91
4174	127
4175	560
4176	228
4177	625
4178	807
4179	1379
4180	958
